-0.04352981137018043, -0.058073769448142236, 3.2964695209933845, 1.2096201500946901, 28.337689961046763
-0.04345326422240168, -0.05804825373221598, 3.2977824226783548, 1.2104407086307554, 28.337689961046763
-0.04352981137018043, -0.05815031659592097, 3.296797746413826, 1.2092919266804334, 28.337689961046763
-0.04358084280203292, -0.05812480087999473, 3.296961859124247, 1.2110971554600438, 28.337689961046763
-0.04358084280203292, -0.05817583231184723, 3.297125971834801, 1.2092919266804334, 28.337689961046763
-0.04358084280203292, -0.05825237945962597, 3.2972900845454896, 1.2094560383875497, 28.337689961046763
-0.043606358517959166, -0.05827789517555223, 3.2977824226783548, 1.2127382725349636, 28.337689961046763
-0.04352981137018043, -0.05820134802777348, 3.297125971834801, 1.2104407086307554, 28.337689961046763
-0.04350429565425418, -0.05825237945962597, 3.296633633703539, 1.2104407086307554, 28.337689961046763
-0.04350429565425418, -0.05817583231184723, 3.296797746413826, 1.2104407086307554, 28.33535743433591
-0.04345326422240168, -0.057997222300363485, 3.297125971834801, 1.2129023842425894, 28.33535743433591
-0.04340223279054918, -0.057997222300363485, 3.296797746413826, 1.2115894905822648, 28.33535743433591
-0.04342774850647543, -0.05794619086851099, 3.296141295573478, 1.2122459374122325, 28.33535743433591
-0.043478779938327924, -0.05802273801628974, 3.296797746413826, 1.2117536022897202, 28.33535743433591
-0.043555327086106675, -0.05812480087999473, 3.296633633703539, 1.2158563949840253, 28.33535743433591
-0.044575955723156625, -0.05970677526742216, 3.2976183099672665, 1.2106048203380413, 28.33535743433591
-0.0450862700416816, -0.06044673102928337, 3.297125971834801, 1.2125741608273624, 28.33535743433591
-0.04483111288241911, -0.060344668165578375, 3.296633633703539, 1.2112612671674263, 28.33535743433591
-0.045060754325755355, -0.06039569959743087, 3.296797746413826, 1.2114253788748335, 28.33535743433591
-0.044984207177976604, -0.06044673102928337, 3.296961859124247, 1.2097842618018548, 28.340381332262616
-0.04503523860982911, -0.06037018388150463, 3.297454197256311, 1.2171692886494314, 28.340381332262616
-0.04475456573464037, -0.060166058154094634, 3.296797746413826, 1.2110971554600438, 28.340381332262616
-0.045060754325755355, -0.06026812101779963, 3.296633633703539, 1.2097842618018548, 28.340381332262616
-0.045060754325755355, -0.06042121531335712, 3.296797746413826, 1.2096201500946901, 28.340381332262616
-0.04521384862131284, -0.06042121531335712, 3.2918743651632765, 1.2721467123541266, 28.340381332262616
1.279970373724344, 2.8091782606162865, 3.3030340295038045, 1.1784389261623165, 28.340381332262616
1.4673067600548626, 3.0939336503532227, 3.2999158879346746, 1.2947941295639058, 28.340381332262616
1.4723333560923337, 3.009246989194003, 3.2946642811905074, 1.2321034542052, 28.340381332262616
1.4791715679605684, 2.948111333834711, 3.2994235497965954, 1.1677716655331651, 28.340381332262616
1.4899902315132976, 2.9032802209522917, 3.302049353213597, 1.1605507506986081, 28.340201907706827
1.5023143223056759, 2.867711312951101, 3.302213465928297, 1.230790560521643, 28.340201907706827
1.5148680545413902, 2.836531108089225, 3.3000800006476347, 1.2621358976685217, 28.340201907706827
1.5276259125045148, 2.8105305935603773, 3.30237757864313, 1.1265796291852381, 28.340201907706827
1.540766506206533, 2.7888932664549184, 3.2948283938991922, 1.2685362545869854, 28.340201907706827
1.5538815841926248, 2.769526838066896, 3.30237757864313, 1.1730232399849918, 28.340201907706827
1.566920115030938, 2.752405792680382, 3.3000800006476347, 1.2869167669954362, 28.340201907706827
1.5796014258462834, 2.736866721681297, 3.301721127784598, 1.2667310257083697, 28.340201907706827
1.5921041266501454, 2.7228841093537124, 3.3027058040731996, 1.1479141498383538, 28.340201907706827
1.604275123146966, 2.7099986728109573, 3.3015570150702995, 1.2389961460706045, 28.340201907706827
1.6162419939163766, 2.6981593806211777, 3.302049353213597, 1.269520924885802, 28.345584632453136
1.6280812861061562, 2.687213138488817, 3.305167494815796, 1.1462730328527106, 28.345584632453136
1.639563358272968, 2.6769303049705386, 3.296633633703539, 1.3066101735406526, 28.345584632453136
1.6507137261327387, 2.6675405215096792, 3.2989312116597196, 1.2527815299381608, 28.345584632453136
1.6614813582536156, 2.658405895208082, 3.2979465353895776, 1.2524533065105947, 28.345584632453136
1.6719428017833777, 2.64978158322501, 3.3004082260739573, 1.2675515842891503, 28.345584632453136
1.6823532138812873, 2.6419227427197254, 3.303198142219308, 1.1751566921125418, 28.345584632453136
1.6922277959447456, 2.6344211222374083, 3.3043469312315814, 1.1554632879994238, 28.345584632453136
1.7019747994285728, 2.6273787846417633, 3.304511043948156, 1.2355498001322711, 28.345584632453136
1.7258319938196152, 2.628960759029191, 3.2972900845454896, 1.2698491483189593, 28.345584632453136
1.7342521800752775, 2.6052311432177797, 3.296961859124247, 1.28330630917335, 28.353120405641963
1.7431826806494644, 2.599439075702521, 3.304675156664865, 1.1336364321324843, 28.353120405641963
1.751832508348463, 2.59359597675541, 3.2976183099672665, 1.3011944866993395, 28.353120405641963
1.7601506317404199, 2.5871915320579215, 3.299095324371878, 1.3075948438788518, 28.353120405641963
1.7684942708483031, 2.581909778861188, 3.2995876625091545, 1.2199591876936473, 28.353120405641963
1.7764041427854402, 2.576679057096307, 3.3012287896421046, 1.3026714921983729, 28.353120405641963
1.78436504615443, 2.5716269453429095, 3.3036904803666216, 1.2806805216749084, 28.353120405641963
1.791866666636747, 2.5643804820198555, 3.2987670989476947, 1.285603873240374, 28.353120405641963
1.7964339797875455, 2.5415949476977153, 3.306480396557508, 1.1771260325413284, 28.353120405641963
1.8027618773372551, 2.5380482631839665, 3.3038545930826606, 1.130025974806015, 28.353120405641963
1.8094469949099325, 2.5345526101020703, 3.3077932983078018, 1.1282207461464175, 28.350787909584984
1.816081081050757, 2.5308528312927643, 3.3015570150702995, 1.2951223530056846, 28.350787909584984
1.8226386200438032, 2.527204083915311, 3.3040187057988333, 1.1267437408812668, 28.350787909584984
1.8291196118890702, 2.5237849779811934, 3.301721127784598, 1.1928807560893897, 28.350787909584984
1.8354219937228538, 2.5202638091833713, 3.303362254934945, 1.1594019687969863, 28.350787909584984
1.8416223126929323, 2.51687021896518, 3.3058239456855794, 1.1894344102951646, 28.350787909584984
1.8478736630948631, 2.513680754474399, 3.2989312116597196, 1.2762495052874687, 28.350787909584984
1.853895372053458, 2.5104657742676917, 3.3059880584033605, 1.268864478019815, 28.350787909584984
1.859942596727979, 2.5074038883565417, 3.3068086219942767, 1.206337915956463, 28.350787909584984
1.8653519285043436, 2.4996726264308884, 3.3077932983078018, 1.2314470073632189, 28.350787909584984
1.8691537701773546, 2.4883946799914862, 3.2987670989476947, 1.3123540838617247, 28.34755829201059
1.874129334782973, 2.4859706869784928, 3.3040187057988333, 1.1503758253207486, 28.34755829201059
1.879334540831928, 2.483623241113278, 3.302049353213597, 1.3174415473191936, 28.34755829201059
1.8843356211534728, 2.481097185236579, 3.3061521711212754, 1.1892702985909327, 28.34755829201059
1.88938773290687, 2.4786221607917334, 3.3073009601504357, 1.1209998315320084, 28.34755829201059
1.8943632975124884, 2.476172652062813, 3.3061521711212754, 1.1216562783135626, 28.34755829201059
1.8993898935499594, 2.4737486590498197, 3.3079574110271923, 1.1748284687080577, 28.34755829201059
1.9043399424396517, 2.471222603173121, 3.3015570150702995, 1.3026714921983729, 28.34755829201059
1.909289991329344, 2.46905376731939, 3.303198142219308, 1.1979682189472893, 28.34755829201059
1.9143165873668149, 2.4667828686019537, 3.3027058040731996, 1.2796958513648364, 28.34755829201059
1.919241120540581, 2.4644864541685916, 3.306972734712862, 1.1191946028843442, 28.355811741488747
1.9241146222824947, 2.4617817882804087, 3.304839269381708, 1.201250453061164, 28.355811741488747
1.928783998296998, 2.459612952426678, 3.300572338787319, 1.249663407380544, 28.355811741488747
1.9334023428796492, 2.457571695152578, 3.300900564214444, 1.2483505136749151, 28.355811741488747
1.937893108882669, 2.4554538907306993, 3.3035263676507163, 1.1830340538471673, 28.355811741488747
1.9422562963060575, 2.453387117740673, 3.306644509275825, 1.1260872940972715, 28.355811741488747
1.9467470623090772, 2.4515755019099092, 3.3041828185151405, 1.277398287311898, 28.355811741488747
1.9512123125961707, 2.4496107917835883, 3.302541691358098, 1.2273442146099947, 28.355811741488747
1.9554989528717805, 2.4476715973731933, 3.3056598329679323, 1.2350574649991446, 28.355811741488747
1.9597345617155377, 2.4458599815424296, 3.302869916788435, 1.1689204474425687, 28.355811741488747
1.9639956862752213, 2.444073881427592, 3.2986029862358044, 1.3025073804761418, 28.354555785527896
1.9683333579826836, 2.442517422756091, 3.305167494815796, 1.2700132600355791, 28.354555785527896
1.9724924196786624, 2.4408844169368114, 3.3071368474315816, 1.2137229427810836, 28.354555785527896
1.976549418510936, 2.439251411117531, 3.306644509275825, 1.1976399955364214, 28.354555785527896
1.9805553859113567, 2.4375163424345465, 3.3061521711212754, 1.219138629150491, 28.354555785527896
1.984459290448073, 2.4358067894674877, 3.3040187057988333, 1.2790394044920121, 28.354555785527896
1.9884907735644204, 2.4343523936596916, 3.2997517752218477, 1.2956146881685673, 28.354555785527896
1.9923946781011364, 2.4328469664200427, 3.3041828185151405, 1.1571044049969075, 28.354555785527896
1.9963496140697048, 2.4313415391803943, 3.3043469312315814, 1.2411295983238235, 28.354555785527896
2.000279034322347, 2.4297850805088927, 3.302049353213597, 1.241621933459801, 28.354555785527896
2.0041574231431367, 2.4286113575762855, 3.3058239456855794, 1.2470376199709639, 28.359220758039427
2.007959264816148, 2.427080414620711, 3.3056598329679323, 1.132979985345129, 28.359220758039427
2.0118886850687905, 2.425957723119956, 3.3007364515008146, 1.2752648349818942, 28.359220758039427
2.01556294816217, 2.4245288430280856, 3.3015570150702995, 1.316456876970357, 28.359220758039427
2.0190841169599922, 2.4230744472202894, 3.301064676928207, 1.2990610343159892, 28.359220758039427
2.022630801473741, 2.421671082844346, 3.3012287896421046, 1.304969056312661, 28.359220758039427
2.0262030017034163, 2.420369781332107, 3.300900564214444, 1.30234326875394, 28.359220758039427
2.0296476233534593, 2.418889869808385, 3.30237757864313, 1.245396502843377, 28.359220758039427
2.0330412135716505, 2.4177161468757773, 3.3063162838393243, 1.1191946028843442, 28.359220758039427
2.0365113509376203, 2.4165934553750223, 3.30188524049903, 1.2926606771951352, 28.359220758039427
2.03998148830359, 2.415445248158341, 3.3059880584033605, 1.1741720218993577, 28.358144227566303
2.0432985313740026, 2.414220493793881, 3.304511043948156, 1.2821575271419006, 28.358144227566303
2.0466666058762675, 2.413148833724979, 3.3068086219942767, 1.1237897303557793, 28.358144227566303
2.0498815860829747, 2.4120516579401503, 3.300572338787319, 1.2542585353635178, 28.358144227566303
2.0530455348578296, 2.41082690357569, 3.3000800006476347, 1.314651648000274, 28.358144227566303
2.056439125076021, 2.409704212074935, 3.3040187057988333, 1.2837986443301062, 28.358144227566303
2.059756168146433, 2.4085049734264015, 3.3041828185151405, 1.2700132600355791, 28.358144227566303
2.0629711483531405, 2.4073312504937943, 3.3038545930826606, 1.30037392808978, 28.358144227566303
2.0661606128439214, 2.4063106218567443, 3.2986029862358044, 1.2918401185930468, 28.358144227566303
2.0692480144709977, 2.405366540367473, 3.304675156664865, 1.1594019687969863, 28.358144227566303
2.072258868950295, 2.4043203960144965, 3.3079574110271923, 1.215528171567919, 28.35383809580426
2.075448333441076, 2.4033507988092992, 3.300900564214444, 1.260002445371496, 28.35383809580426
2.078637797931857, 2.402432233035954, 3.3079574110271923, 1.2094560383875497, 28.35383809580426
2.0817251995589334, 2.4014626358307565, 3.3038545930826606, 1.1994452242973621, 28.35383809580426
2.0848126011860093, 2.4003144286140756, 3.3007364515008146, 1.3126823073097336, 28.35383809580426
2.087848971381233, 2.3991917371133207, 3.3071368474315816, 1.1229691718776111, 28.35383809580426
2.091012920156088, 2.3982731713399756, 3.305167494815796, 1.244575944280561, 28.35383809580426
2.093972743203533, 2.3972525427029256, 3.3092703127871457, 1.1649817666148077, 28.35383809580426
2.0969070505350516, 2.396359492645507, 3.2979465353895776, 1.3144875362758992, 28.35383809580426
2.0995606849913813, 2.3954664425880883, 3.301392902356135, 1.31678510041985, 28.35383809580426
2.1025205080388263, 2.394700971110301, 3.306480396557508, 1.1461089211542612, 28.356529430006088
2.1054037839384923, 2.393909983916587, 3.30188524049903, 1.3169492121446413, 28.356529430006088
2.1083125755540846, 2.3930679652910207, 3.2997517752218477, 1.2755930584169752, 28.356529430006088
2.1110682728741192, 2.392174915233602, 3.302213465928297, 1.2101124852162568, 28.356529430006088
2.1139260330578593, 2.3911542865965525, 3.3056598329679323, 1.1420061286997794, 28.356529430006088
2.124361960871695, 2.3962319140658757, 3.3068086219942767, 1.1326517619515724, 28.356529430006088
2.1414830062582078, 2.402279138740397, 3.301392902356135, 1.2401449280525658, 28.356529430006088
2.1464330551479, 2.400875774364453, 3.3035263676507163, 1.323349569434829, 28.356529430006088
2.1506686639916572, 2.399625504284067, 3.306972734712862, 1.2243902038373982, 28.356529430006088
2.1545470528124473, 2.3985793599310905, 3.3086138619060956, 1.1208357198366687, 28.356529430006088
2.158297863053606, 2.397482184146262, 3.3061521711212754, 1.144467804170912, 28.354555785527896
2.1619466104310594, 2.3965125869410646, 3.301392902356135, 1.208471368145214, 28.354555785527896
2.165493294944808, 2.3955940211677196, 3.300572338787319, 1.2366985821104601, 28.354555785527896
2.1688868851629994, 2.3947264868262272, 3.30237757864313, 1.2385038109358644, 28.354555785527896
2.172127381085633, 2.393909983916587, 3.3030340295038045, 1.2097842618018548, 28.354555785527896
2.175393392724193, 2.39294038671139, 3.3058239456855794, 1.1510322721168538, 28.354555785527896
2.178429762919416, 2.3918942423584135, 3.308449749186168, 1.119686937969837, 28.354555785527896
2.1816702588420496, 2.3912563494602574, 3.3077932983078018, 1.1513604955150327, 28.354555785527896
2.184757660469126, 2.3905163936983964, 3.3068086219942767, 1.241621933459801, 28.354555785527896
2.187870577812128, 2.389801953652461, 3.3041828185151405, 1.324662463243594, 28.354555785527896
2.190983495155131, 2.389036482174674, 3.2992594370841695, 1.2614794508074145, 28.352761560396317
2.1940453810662808, 2.388271010696886, 3.3081215237467165, 1.1182099327138832, 28.352761560396317
2.1969031412500204, 2.3875820863668777, 3.3082856364663753, 1.2399808163407797, 28.352761560396317
2.1997353857178337, 2.3866890363094586, 3.3000800006476347, 1.2979122522654378, 28.352761560396317
2.20241453589009, 2.3858980491157453, 3.3068086219942767, 1.1318312034680333, 28.352761560396317
2.2050171389145676, 2.3852091247857365, 3.306972734712862, 1.2693568131692643, 28.352761560396317
2.207747320518676, 2.3846222633194327, 3.301721127784598, 1.2434271622937114, 28.352761560396317
2.210503017838711, 2.3840098861372025, 3.3074650728694235, 1.1943577614329133, 28.352761560396317
2.2132587151587457, 2.383320961807194, 3.3000800006476347, 1.2732954943737267, 28.352761560396317
2.215937865331002, 2.3826065217612586, 3.310090876391479, 1.180572378299502, 28.352761560396317
2.2185404683554792, 2.381994144579029, 3.3002441133607294, 1.2713261537695215, 28.35527347481288
2.2210920399481044, 2.381483830260504, 3.3073009601504357, 1.219138629150491, 28.35527347481288
2.2236436115407288, 2.3810245473738316, 3.302541691358098, 1.21667695352472, 28.35527347481288
2.22601657312187, 2.3803866544756755, 3.3056598329679323, 1.2970916936587658, 28.35527347481288
2.228491597566716, 2.3796977301456668, 3.3086138619060956, 1.1206716081413486, 28.35527347481288
2.230839043431931, 2.3789832900997316, 3.2992594370841695, 1.2975840288226828, 28.35527347481288
2.23336509930863, 2.378294365769723, 3.3081215237467165, 1.2260313209322835, 28.35527347481288
2.235916670901255, 2.3777585357352717, 3.3068086219942767, 1.1403650117216053, 28.35527347481288
2.2383916953461007, 2.3771971899848943, 3.2997517752218477, 1.293645347518583, 28.35527347481288
2.240841204075021, 2.3767123913822954, 3.304511043948156, 1.285603873240374, 28.35527347481288
2.2432907128039403, 2.376151045631918, 3.3077932983078018, 1.1544786178019586, 28.34989079448315
2.2457912529647133, 2.375615215597467, 3.3071368474315816, 1.1433190222838037, 28.34989079448315
2.2483173088414117, 2.3752579955744992, 3.299095324371878, 1.2721467123541266, 28.34989079448315
2.2507668175703315, 2.3744670083807855, 3.301392902356135, 1.317277435594313, 28.34989079448315
2.2533439048788826, 2.3740587569259657, 3.3068086219942767, 1.2760853935698038, 28.34989079448315
2.2557934136078024, 2.3733953483118833, 3.3074650728694235, 1.201578676473073, 28.34989079448315
2.2582429223367226, 2.3729360654252107, 3.308942087346352, 1.1259231824013223, 28.34989079448315
2.2606413996337897, 2.372476782538538, 3.308942087346352, 1.1206716081413486, 28.34989079448315
2.2629888454990046, 2.3718644053563085, 3.3054957202504194, 1.1713821229663601, 28.34989079448315
2.265361807080146, 2.371328575321857, 3.30188524049903, 1.2224208633268285, 28.34989079448315
2.2677858000931392, 2.3708948081511108, 3.2994235497965954, 1.2503198542339886, 28.347199445065087
2.2702863402539117, 2.3704355252644382, 3.301064676928207, 1.2714902654863878, 28.347199445065087
2.272761364698758, 2.3700272738096184, 3.2995876625091545, 1.2724749357881604, 28.347199445065087
2.274751590541005, 2.369516959491093, 3.2977824226783548, 1.2737878295253964, 28.347199445065087
2.2767163006673266, 2.3691087080362734, 3.300572338787319, 1.2719826006371506, 28.347199445065087
2.278706526509574, 2.3685983937177486, 3.300572338787319, 1.269685036602367, 28.347199445065087
2.280875362363305, 2.368062563683297, 3.301064676928207, 1.2608230039467376, 28.347199445065087
2.2830697139329623, 2.3676032807966245, 3.3000800006476347, 1.2434271622937114, 28.347199445065087
2.2853406126503986, 2.3670674507621734, 3.302049353213597, 1.2289853317093935, 28.347199445065087
2.287560479935982, 2.3666336835914272, 3.304511043948156, 1.194029538023078, 28.347199445065087
